Filename	Label	seg_Start	seg_End	H1c_mean	H1c_means001	H1c_means002	H1c_means003	H1H2c_mean	H1H2c_means001	H1H2c_means002	H1H2c_means003	strF0_mean	strF0_means001	strF0_means002	strF0_means003	sF1_mean	sF1_means001	sF1_means002	sF1_means003	sF2_mean	sF2_means001	sF2_means002	sF2_means003	soe_mean	soe_means001	soe_means002	soe_means003	
Gai.mat	"1-a-short-glottal"	154.993	241.778	19.524	21.760	21.788	15.265	0.259	4.842	1.249	-5.020	190.101	192.334	193.534	184.635	853.352	972.943	959.772	633.193	1729.682	1577.357	1770.015	1844.727	0.021	0.037	0.020	0.010	
Gai.mat	"2-i-short-glottal"	241.778	447.722	14.792	14.646	17.970	11.827	7.240	-1.168	10.971	11.930	167.783	172.840	166.894	163.548	389.306	502.617	390.463	277.194	1476.290	1651.136	1342.916	1436.693	0.017	0.015	0.024	0.012	
aGa.mat	"1-a-short-glottal"	127.354	215.402	15.279	14.356	19.158	12.472	1.946	0.452	3.860	1.576	201.503	204.113	209.833	190.946	858.571	867.585	852.264	854.874	1392.112	1389.554	1385.703	1401.867	0.048	0.048	0.049	0.042	
aGa.mat	"2-a-short-glottal"	242.999	353.387	8.207	4.842	13.055	6.819	-3.910	-5.127	0.411	-6.935	132.524	139.546	169.891	87.177	996.835	888.021	935.552	1169.880	1501.234	1418.992	1468.473	1620.855	0.033	0.036	0.037	0.027	
ai.mat	"1-a-short-modal"	109.075	316.273	19.063	12.878	21.267	23.019	10.303	6.730	11.867	12.296	167.675	171.744	166.421	164.808	915.389	956.483	925.824	863.830	1661.885	1558.355	1628.267	1798.306	0.060	0.034	0.069	0.079	
ai.mat	"2-i-short-modal"	316.273	513.833	18.351	21.449	18.616	14.915	13.719	12.315	12.074	16.638	185.625	163.966	176.157	216.503	547.169	631.438	514.647	493.890	2521.908	2001.533	2780.614	2791.110	0.049	0.071	0.050	0.030	
aka.mat	"1-a-short-modal"	327.730	381.610	9.135	10.000	10.052	7.632	-0.786	0.734	-2.075	-0.772	187.699	183.772	189.444	189.952	858.375	924.755	890.631	761.793	1513.068	1479.695	1510.687	1547.147	0.031	0.042	0.027	0.024	
aka.mat	"2-a-short-modal"	514.339	637.869	7.967	9.353	8.235	6.361	-2.142	-0.571	-3.884	-1.968	217.443	208.880	210.337	233.144	263.250	301.526	239.611	247.297	1681.786	1671.353	1697.937	1676.507	0.062	0.080	0.062	0.047	
kaGa.mat	"1-a-short-glottal"	110.185	174.578	16.543	16.443	17.589	15.722	8.428	8.704	8.596	7.986	215.046	224.063	206.760	213.616	845.009	860.508	830.758	842.922	1451.569	1472.295	1467.660	1416.461	0.031	0.055	0.031	0.017	
kaGa.mat	"2-a-short-glottal"	235.029	323.077	11.401	9.540	8.756	15.049	-0.247	-2.062	-6.156	6.671	132.043	132.513	124.501	139.043	986.223	926.415	1059.815	973.291	1471.730	1434.808	1509.040	1471.145	0.042	0.045	0.034	0.050	
koGu.mat	"1-o-short-glottal"	167.140	223.641	15.259	17.046	15.767	13.061	8.602	11.544	6.412	7.656	262.711	267.168	253.213	266.872	535.336	528.815	529.368	546.794	1140.815	1178.860	1131.720	1111.462	0.035	0.049	0.035	0.021	
koGu.mat	"2-u-short-glottal"	284.793	396.801	17.068	13.588	17.119	20.063	3.731	-1.705	1.697	10.399	165.327	169.777	166.343	160.080	456.304	490.721	450.169	428.724	979.304	957.740	907.683	1068.596	0.063	0.045	0.054	0.092	
kou.mat	"1-o-short-modal"	258.052	498.542	13.007	17.423	13.044	8.675	-2.459	0.259	-4.413	-3.247	188.320	201.400	180.358	183.069	518.633	578.485	542.544	436.410	1033.718	1177.221	1083.563	843.757	0.056	0.079	0.053	0.030	
kou.mat	"2-u-short-modal"	498.542	660.182	10.456	10.635	13.418	7.448	-1.433	6.760	-4.147	-6.534	228.988	204.307	236.769	245.491	306.604	386.318	269.819	265.867	1308.291	861.795	1395.729	1657.869	0.054	0.042	0.086	0.033	
kouL.mat	"1-o-short-modal"	183.771	371.840	15.715	16.504	17.350	13.400	0.582	2.979	2.184	-3.268	203.402	222.036	198.755	189.516	405.101	360.023	443.162	412.878	1091.566	1182.059	1081.156	1011.850	0.056	0.088	0.049	0.039	
kouL.mat	"2-u-long-modal"	371.840	664.019	17.660	17.874	20.160	14.953	-0.226	5.746	-0.393	-6.071	246.788	208.825	246.463	285.087	344.032	389.808	346.521	295.811	953.788	859.080	1089.149	912.271	0.080	0.069	0.094	0.076	
noGu.mat	"1-o-short-glottal"	203.659	267.468	23.627	24.459	24.381	22.127	14.075	10.110	15.811	16.340	236.672	232.234	242.428	235.576	510.949	456.762	497.122	576.264	1350.117	1451.191	1331.509	1267.788	0.082	0.121	0.059	0.064	
noGu.mat	"2-u-short-glottal"	334.636	465.612	15.828	13.130	17.991	16.109	7.704	1.642	6.904	13.830	160.098	160.578	161.822	158.093	407.391	445.685	425.525	351.721	1010.448	983.106	969.014	1075.390	0.041	0.026	0.058	0.038	
noLu.mat	"1-o-long-modal"	206.389	444.834	19.190	23.986	17.465	16.134	4.425	10.014	0.644	2.604	194.051	218.209	197.175	166.854	539.792	559.341	563.437	497.945	1156.249	1276.592	1166.674	1025.701	0.063	0.083	0.052	0.056	
noLu.mat	"2-u-short-modal"	444.834	595.961	11.085	16.378	8.816	8.080	-4.378	3.273	-6.412	-9.996	110.105	156.119	93.079	81.795	351.294	452.492	317.804	284.951	956.151	1012.977	864.275	989.494	0.058	0.073	0.054	0.046	
nou.mat	"1-o-short-modal"	177.954	374.419	10.721	10.131	9.948	12.060	0.382	-3.991	-0.778	5.787	180.330	188.651	178.478	173.774	526.120	519.272	533.642	525.347	1225.698	1493.706	1134.198	1048.540	0.057	0.055	0.046	0.068	
nou.mat	"2-u-short-modal"	374.419	471.812	5.618	7.269	5.528	4.115	2.438	5.411	2.491	-0.350	207.298	184.406	207.351	230.221	316.992	463.109	241.656	241.307	932.096	1033.195	781.554	977.787	0.041	0.033	0.052	0.038	
pe.mat	"0-e-short-modal"	153.845	295.016	16.647	13.926	20.897	15.251	-3.126	-12.853	5.234	-1.539	218.053	244.093	211.267	198.430	526.040	346.843	623.785	611.403	2354.096	2183.815	2268.496	2605.915	0.070	0.092	0.069	0.042	
peGe.mat	"1-e-short-glottal"	159.929	232.353	18.108	19.377	20.238	14.897	11.498	17.909	10.708	5.907	245.989	261.375	239.739	237.211	531.414	533.795	496.190	562.875	2189.441	2078.143	2200.740	2291.487	0.046	0.048	0.039	0.053	
peGe.mat	"2-e-short-glottal"	280.246	360.847	10.241	8.575	10.156	11.511	-4.154	-3.541	-5.842	-2.961	93.432	96.114	93.518	90.677	547.434	554.186	546.627	541.080	2567.197	2489.125	2677.321	2542.625	0.033	0.029	0.028	0.038	
peLpeL.mat	"1-e-long-modal"	122.913	235.711	18.013	18.918	18.322	16.792	11.890	13.890	11.493	10.204	257.865	262.798	249.184	261.076	509.346	525.176	480.922	519.396	2361.390	2099.906	2693.405	2303.881	0.078	0.096	0.068	0.070	
peLpeL.mat	"2-e-long-modal"	350.699	474.996	16.184	16.504	16.589	15.470	4.464	5.536	1.567	6.217	171.728	196.149	162.187	156.835	435.541	528.844	522.090	252.464	2216.911	2079.990	2193.571	2376.264	0.069	0.096	0.051	0.057	
